image: map.jpg
resolution: 0.05000
origin: [-5.00000, -5.00000, 0.000000]
negate: 0
occupied_thresh: 0.65
free_thresh: 0.196

